width: 1280
height: 720
ppx: 656.47229004
ppy: 366.69552612
fx: 911.49145508
fy: 911.01818848
model: distortion.inverse_brown_conrady
coeffs: 0.00000000 0.00000000 0.00000000 0.00000000 0.00000000
