fx=512.0
fy=384.0
cx=320.0
cy=240.0
